-777
1 2 3 4 5 6 7 8 9 10 11 12 13 14 15 16 17 18 19 20 -1 -2 -3 -4 -5 -6 -7 -8 -9 -10 -11 -12 -13 -14 -15 -16 -17 -18 -19 -20
1 2 3 4 5 6 7 8 9 10 11 12 13 14 15 16 17 18 19 20 -1 -2 -3 -4 -5 -6 -7 -8 -9 -10 -11 -12 -13 -14 -15 -16 -17 -18 -19 -20
1 2 3 4 5 6 7 8 9 10 11 12 13 14 15 16 17 18 19 20 -1 -2 -3 -4 -5 -6 -7 -8 -9 -10 -11 -12 -13 -14 -15 -16 -17 -18 -19 -20
1 2 3 4 5 6 7 8 9 10 11 12 13 14 15 16 17 18 19 20 -1 -2 -3 -4 -5 -6 -7 -8 -9 -10 -11 -12 -13 -14 -15 -16 -17 -18 -19 -20
1 2 3 4 5 6 7 8 9 10 11 12 13 14 15 16 17 18 19 20 -1 -2 -3 -4 -5 -6 -7 -8 -9 -10 -11 -12 -13 -14 -15 -16 -17 -18 -19 -20
1 2 3 4 5 6 7 8 9 10 11 12 13 14 15 16 17 18 19 20 -1 -2 -3 -4 -5 -6 -7 -8 -9 -10 -11 -12 -13 -14 -15 -16 -17 -18 -19 -20
1 2 3 4 5 6 7 8 9 10 11 12 13 14 15 16 17 18 19 20 -1 -2 -3 -4 -5 -6 -7 -8 -9 -10 -11 -12 -13 -14 -15 -16 -17 -18 -19 -20
1 2 3 4 5 6 7 8 9 10 11 12 13 14 15 16 17 18 19 20 -1 -2 -3 -4 -5 -6 -7 -8 -9 -10 -11 -12 -13 -14 -15 -16 -17 -18 -19 -20
1 2 3 4 5 6 7 8 9 10 11 12 13 14 15 16 17 18 19 20 -1 -2 -3 -4 -5 -6 -7 -8 -9 -10 -11 -12 -13 -14 -15 -16 -17 -18 -19 -20
1 2 3 4 5 6 7 8 9 10 11 12 13 14 15 16 17 18 19 20 -1 -2 -3 -4 -5 -6 -7 -8 -9 -10 -11 -12 -13 -14 -15 -16 -17 -18 -19 -20
1 2 3 4 5 6 7 8 9 10 11 12 13 14 15 16 17 18 19 20 -1 -2 -3 -4 -5 -6 -7 -8 -9 -10 -11 -12 -13 -14 -15 -16 -17 -18 -19 -20
1 2 3 4 5 6 7 8 9 10 11 12 13 14 15 16 17 18 19 20 -1 -2 -3 -4 -5 -6 -7 -8 -9 -10 -11 -12 -13 -14 -15 -16 -17 -18 -19 -20
1 2 3 4 5 6 7 8 9 10 11 12 13 14 15 16 17 18 19 20 -1 -2 -3 -4 -5 -6 -7 -8 -9 -10 -11 -12 -13 -14 -15 -16 -17 -18 -19 -20
1 2 3 4 5 6 7 8 9 10 11 12 13 14 15 16 17 18 19 20 -1 -2 -3 -4 -5 -6 -7 -8 -9 -10 -11 -12 -13 -14 -15 -16 -17 -18 -19 -20
1 2 3 4 5 6 7 8 9 10 11 12 13 14 15 16 17 18 19 20 -1 -2 -3 -4 -5 -6 -7 -8 -9 -10 -11 -12 -13 -14 -15 -16 -17 -18 -19 -20
1 2 3 4 5 6 7 8 9 10 11 12 13 14 15 16 17 18 19 20 -1 -2 -3 -4 -5 -6 -7 -8 -9 -10 -11 -12 -13 -14 -15 -16 -17 -18 -19 -20
1 2 3 4 5 6 7 8 9 10 11 12 13 14 15 16 17 18 19 20 -1 -2 -3 -4 -5 -6 -7 -8 -9 -10 -11 -12 -13 -14 -15 -16 -17 -18 -19 -20
1 2 3 4 5 6 7 8 9 10 11 12 13 14 15 16 17 18 19 20 -1 -2 -3 -4 -5 -6 -7 -8 -9 -10 -11 -12 -13 -14 -15 -16 -17 -18 -19 -20
1 2 3 4 5 6 7 8 9 10 11 12 13 14 15 16 17 18 19 20 -1 -2 -3 -4 -5 -6 -7 -8 -9 -10 -11 -12 -13 -14 -15 -16 -17 -18 -19 -20
1 2 3 4 5 6 7 8 9 10 11 12 13 14 15 16 17 18 19 20 -1 -2 -3 -4 -5 -6 -7 -8 -9 -10 -11 -12 -13 -14 -15 -16 -17 -18 -19 -20
1 2 3 4 5 6 7 8 9 10 11 12 13 14 15 16 17 18 19 20 -1 -2 -3 -4 -5 -6 -7 -8 -9 -10 -11 -12 -13 -14 -15 -16 -17 -18 -19 -20
1 2 3 4 5 6 7 8 9 10 11 12 13 14 15 16 17 18 19 20 -1 -2 -3 -4 -5 -6 -7 -8 -9 -10 -11 -12 -13 -14 -15 -16 -17 -18 -19 -20
1 2 3 4 5 6 7 8 9 10 11 12 13 14 15 16 17 18 19 20 -1 -2 -3 -4 -5 -6 -7 -8 -9 -10 -11 -12 -13 -14 -15 -16 -17 -18 -19 -20
1 2 3 4 5 6 7 8 9 10 11 12 13 14 15 16 17 18 19 20 -1 -2 -3 -4 -5 -6 -7 -8 -9 -10 -11 -12 -13 -14 -15 -16 -17 -18 -19 -20
1 2 3 4 5 6 7 8 9 10 11 12 13 14 15 16 17 18 19 20 -1 -2 -3 -4 -5 -6 -7 -8 -9 -10 -11 -12 -13 -14 -15 -16 -17 -18 -19 -20
1 2 3 4 5 6 7 8 9 10 11 12 13 14 15 16 17 18 19 20 -1 -2 -3 -4 -5 -6 -7 -8 -9 -10 -11 -12 -13 -14 -15 -16 -17 -18 -19 -20
1 2 3 4 5 6 7 8 9 10 11 12 13 14 15 16 17 18 19 20 -1 -2 -3 -4 -5 -6 -7 -8 -9 -10 -11 -12 -13 -14 -15 -16 -17 -18 -19 -20
1 2 3 4 5 6 7 8 9 10 11 12 13 14 15 16 17 18 19 20 -1 -2 -3 -4 -5 -6 -7 -8 -9 -10 -11 -12 -13 -14 -15 -16 -17 -18 -19 -20
1 2 3 4 5 6 7 8 9 10 11 12 13 14 15 16 17 18 19 20 -1 -2 -3 -4 -5 -6 -7 -8 -9 -10 -11 -12 -13 -14 -15 -16 -17 -18 -19 -20
1 2 3 4 5 6 7 8 9 10 11 12 13 14 15 16 17 18 19 20 -1 -2 -3 -4 -5 -6 -7 -8 -9 -10 -11 -12 -13 -14 -15 -16 -17 -18 -19 -20
1 2 3 4 5 6 7 8 9 10 11 12 13 14 15 16 17 18 19 20 -1 -2 -3 -4 -5 -6 -7 -8 -9 -10 -11 -12 -13 -14 -15 -16 -17 -18 -19 -20
stop
Mean: -0.62610797743755
Median: -1
Mode: -20
SD: 25.089405228406